 3177  
 3371  
 3383  
 3333  
 3256  
 3076  
 2792  
 2601  
 2577  
 2553  
 2548  
 4498  
 4573  
 4818  
 5356  
 6058  
 6919  
 7031  
 7020  
 6594  
 6385 
 332  
 327 
 328  
 214  
 306  
 301  
 292  
 281  
 288  
 285  
 286  
 9880  
 10298  
 10731  
 10603  
 10961  
 11747  
 11973  
 11956  
 13384  
 12384  
 10673  
 3243  
 3347  
 3486  
 3402  
 3543  
 3273  
 2884  
 2931  
 3045  
 3163  
 2808  
 1245 
 1286  
 1303  
 1284  
 1284  
 1270  
 1261  
 1295  
 1184  
 1167  
 1199  
 5194  
 7294  
 10951  
 16241  
 18897  
 23369  
 31936  
 18321  
 22935  
 31560  
 36337  
 26709  
 30896  
 31529  
 39521  
 43299  
 42396  
 61670  
 51908  
 56767  
 80265  
 99840  
 3284  
 4032  
 4785  
 5966  
 8892  
 9416  
 16306  
 13410  
 12604  
 15411  
 15831  
 1660 
 1685 
 1719 
 1772 
 1763 
 1817 
 1827 
 1772 
 1763 
 1788 
 1842  
 33  
 54  
 62  
 67  
 69  
 68  
 72  
 77  
 76  
 61  
 63  
 79  
 245  
 565  
 600  
 636  
 671  
 718  
 760  
 792  
 792  
 802  
 799  
 803  
 1481  
 1556  
 1587  
 1554  
 1512  
 1491  
 1525  
 1416  
 1379  
 1405  
 161344  
 222976  
 296424  
 373690  
 433915  
 473967  
 543369 